%YAML:1.0
---
points: [ 0, 0, 90, 255, 255, 220 ]
