%YAML:1.0
---
points: [ 67, 97, 617, 373 ]
